1446.0 1440.0 1439.0 1450.0 1437.0 1441.0 1384.0 1172.0 1437.0 1436.0 1440.0 1472.0 1441.0 1439.0 1442.0 1474.0
1441.0 1440.0 1441.0 1462.0 1439.0 1439.0 1366.0 1008.0 1436.0 1438.0 1441.0 1460.0 1442.0 1441.0 1443.0 1463.0
1444.0 1441.0 1440.0 1436.0 1441.0 1438.0 1326.0 904.0 1436.0 1438.0 1441.0 1439.0 1442.0 1439.0 1443.0 1438.0
1443.0 1441.0 1442.0 1448.0 1440.0 1438.0 1315.0 837.0 1436.0 1441.0 1438.0 1445.0 1441.0 1442.0 1444.0 1456.0
1442.0 1443.0 1437.0 1434.0 1441.0 1436.0 1292.0 783.0 1434.0 1439.0 1439.0 1427.0 1441.0 1439.0 1444.0 1435.0
1444.0 1441.0 1440.0 1444.0 1440.0 1438.0 1284.0 755.0 1438.0 1435.0 1436.0 1434.0 1443.0 1441.0 1443.0 1451.0
1441.0 1442.0 1439.0 1441.0 1436.0 1437.0 1279.0 717.0 1436.0 1441.0 1436.0 1429.0 1441.0 1441.0 1441.0 1442.0
1443.0 1441.0 1440.0 1443.0 1439.0 1435.0 1275.0 716.0 1437.0 1438.0 1439.0 1434.0 1442.0 1442.0 1443.0 1452.0
1441.0 1438.0 1439.0 1443.0 1440.0 1438.0 1276.0 719.0 1436.0 1441.0 1437.0 1428.0 1441.0 1441.0 1441.0 1441.0
1441.0 1439.0 1441.0 1441.0 1440.0 1436.0 1274.0 752.0 1437.0 1440.0 1437.0 1426.0 1440.0 1441.0 1442.0 1441.0
1441.0 1439.0 1440.0 1441.0 1437.0 1437.0 1276.0 840.0 1436.0 1441.0 1436.0 1423.0 1440.0 1440.0 1441.0 1441.0
1442.0 1438.0 1441.0 1440.0 1439.0 1438.0 1276.0 907.0 1435.0 1440.0 1437.0 1428.0 1439.0 1443.0 1441.0 1441.0
1441.0 1440.0 1444.0 1442.0 1436.0 1436.0 1278.0 983.0 1436.0 1436.0 1440.0 1425.0 1438.0 1442.0 1441.0 1438.0
1442.0 1440.0 1442.0 1441.0 1437.0 1436.0 1271.0 987.0 1436.0 1441.0 1435.0 1425.0 1441.0 1440.0 1444.0 1441.0
1441.0 1441.0 1441.0 1439.0 1439.0 1437.0 1263.0 927.0 1437.0 1438.0 1438.0 1425.0 1439.0 1439.0 1442.0 1439.0
1440.0 1441.0 1439.0 1441.0 1437.0 1435.0 1257.0 955.0 1436.0 1438.0 1437.0 1426.0 1441.0 1441.0 1441.0 1440.0
1442.0 1442.0 1440.0 1441.0 1437.0 1436.0 1259.0 978.0 1437.0 1441.0 1435.0 1427.0 1442.0 1441.0 1442.0 1438.0
1438.0 1441.0 1439.0 1439.0 1440.0 1434.0 1258.0 1044.0 1436.0 1438.0 1435.0 1425.0 1441.0 1441.0 1440.0 1440.0
1437.0 1440.0 1435.0 1439.0 1432.0 1431.0 1270.0 1108.0 1434.0 1434.0 1431.0 1426.0 1436.0 1438.0 1438.0 1439.0
1438.0 1438.0 1433.0 1440.0 1432.0 1431.0 1281.0 1211.0 1434.0 1433.0 1432.0 1428.0 1439.0 1439.0 1440.0 1441.0
1437.0 1434.0 1436.0 1434.0 1431.0 1429.0 1307.0 1252.0 1431.0 1431.0 1433.0 1425.0 1433.0 1435.0 1436.0 1436.0
1436.0 1430.0 1434.0 1431.0 1429.0 1430.0 1326.0 1331.0 1428.0 1432.0 1430.0 1419.0 1431.0 1432.0 1435.0 1434.0
1433.0 1431.0 1431.0 1423.0 1428.0 1427.0 1364.0 1395.0 1427.0 1427.0 1427.0 1413.0 1432.0 1432.0 1436.0 1425.0
1431.0 1430.0 1430.0 1423.0 1431.0 1428.0 1378.0 1438.0 1427.0 1429.0 1428.0 1415.0 1429.0 1434.0 1433.0 1424.0
1431.0 1433.0 1431.0 1430.0 1429.0 1426.0 1415.0 1538.0 1427.0 1429.0 1428.0 1428.0 1433.0 1429.0 1436.0 1432.0
1433.0 1434.0 1431.0 1430.0 1433.0 1433.0 1425.0 1573.0 1428.0 1428.0 1429.0 1428.0 1432.0 1429.0 1431.0 1432.0
1435.0 1437.0 1435.0 1437.0 1431.0 1435.0 1446.0 1695.0 1431.0 1432.0 1432.0 1433.0 1433.0 1435.0 1436.0 1436.0
1439.0 1438.0 1438.0 1437.0 1438.0 1434.0 1443.0 1798.0 1434.0 1432.0 1435.0 1441.0 1435.0 1437.0 1436.0 1441.0
1440.0 1441.0 1440.0 1451.0 1437.0 1437.0 1428.0 1810.0 1434.0 1435.0 1436.0 1460.0 1437.0 1441.0 1441.0 1455.0
1440.0 1438.0 1437.0 1459.0 1437.0 1434.0 1421.0 1795.0 1433.0 1437.0 1436.0 1450.0 1436.0 1441.0 1439.0 1450.0
1441.0 1438.0 1440.0 1458.0 1438.0 1440.0 1396.0 1539.0 1436.0 1441.0 1440.0 1477.0 1441.0 1441.0 1441.0 1475.0
1438.0 1441.0 1441.0 1461.0 1436.0 1436.0 1367.0 1324.0 1432.0 1437.0 1438.0 1456.0 1438.0 1437.0 1440.0 1453.0
1495.0 1485.0 1492.0 1494.0 1490.0 1491.0 1408.0 750.0 1489.0 1488.0 1467.0 1492.0 1493.0 1507.0 1495.0 1395.0
1500.0 1494.0 1470.0 1490.0 1487.0 1486.0 1408.0 666.0 1498.0 1488.0 1494.0 1523.0 1495.0 1488.0 1504.0 1414.0
1485.0 1501.0 1488.0 1494.0 1487.0 1462.0 1378.0 600.0 1483.0 1480.0 1485.0 1473.0 1482.0 1502.0 1502.0 1386.0
1488.0 1477.0 1487.0 1485.0 1490.0 1495.0 1348.0 598.0 1485.0 1490.0 1479.0 1478.0 1484.0 1489.0 1477.0 1413.0
1502.0 1510.0 1486.0 1490.0 1485.0 1486.0 1361.0 635.0 1481.0 1478.0 1489.0 1498.0 1491.0 1496.0 1483.0 1401.0
1499.0 1507.0 1488.0 1495.0 1483.0 1487.0 1338.0 622.0 1478.0 1478.0 1500.0 1480.0 1483.0 1489.0 1494.0 1406.0
1481.0 1493.0 1496.0 1488.0 1483.0 1481.0 1351.0 610.0 1475.0 1492.0 1484.0 1473.0 1484.0 1492.0 1481.0 1400.0
1494.0 1483.0 1492.0 1481.0 1466.0 1479.0 1352.0 608.0 1486.0 1496.0 1476.0 1478.0 1492.0 1493.0 1496.0 1388.0
1492.0 1485.0 1485.0 1474.0 1467.0 1477.0 1375.0 642.0 1482.0 1481.0 1478.0 1472.0 1467.0 1493.0 1484.0 1388.0
1493.0 1484.0 1469.0 1461.0 1483.0 1478.0 1374.0 719.0 1463.0 1498.0 1477.0 1468.0 1494.0 1475.0 1499.0 1385.0
1483.0 1475.0 1464.0 1457.0 1473.0 1479.0 1408.0 848.0 1495.0 1473.0 1495.0 1475.0 1489.0 1481.0 1489.0 1374.0
1485.0 1473.0 1483.0 1454.0 1486.0 1481.0 1423.0 928.0 1482.0 1488.0 1478.0 1476.0 1485.0 1476.0 1487.0 1376.0
1485.0 1486.0 1484.0 1461.0 1472.0 1484.0 1440.0 986.0 1477.0 1477.0 1484.0 1441.0 1505.0 1490.0 1488.0 1378.0
1471.0 1480.0 1478.0 1456.0 1472.0 1479.0 1444.0 1034.0 1481.0 1478.0 1477.0 1460.0 1471.0 1485.0 1486.0 1378.0
1485.0 1489.0 1479.0 1462.0 1482.0 1490.0 1467.0 1092.0 1485.0 1482.0 1485.0 1463.0 1470.0 1481.0 1470.0 1378.0
1486.0 1493.0 1480.0 1475.0 1486.0 1488.0 1460.0 1107.0 1486.0 1484.0 1492.0 1464.0 1483.0 1486.0 1468.0 1378.0
1468.0 1480.0 1496.0 1471.0 1473.0 1476.0 1458.0 1137.0 1478.0 1487.0 1489.0 1464.0 1490.0 1512.0 1475.0 1377.0
1478.0 1486.0 1502.0 1485.0 1486.0 1490.0 1427.0 1173.0 1486.0 1485.0 1483.0 1475.0 1491.0 1492.0 1483.0 1379.0
1495.0 1478.0 1480.0 1453.0 1466.0 1479.0 1448.0 1217.0 1478.0 1484.0 1470.0 1478.0 1489.0 1482.0 1503.0 1384.0
1482.0 1490.0 1483.0 1460.0 1482.0 1473.0 1455.0 1250.0 1496.0 1482.0 1505.0 1473.0 1490.0 1478.0 1504.0 1384.0
1488.0 1504.0 1484.0 1458.0 1490.0 1491.0 1440.0 1309.0 1482.0 1486.0 1491.0 1474.0 1501.0 1495.0 1492.0 1386.0
1488.0 1491.0 1484.0 1472.0 1488.0 1461.0 1422.0 1361.0 1483.0 1485.0 1490.0 1474.0 1489.0 1492.0 1481.0 1384.0
1486.0 1492.0 1492.0 1478.0 1480.0 1473.0 1444.0 1459.0 1486.0 1492.0 1482.0 1478.0 1488.0 1496.0 1485.0 1381.0
1499.0 1503.0 1488.0 1470.0 1470.0 1486.0 1452.0 1495.0 1485.0 1481.0 1487.0 1474.0 1484.0 1500.0 1487.0 1383.0
1488.0 1481.0 1485.0 1462.0 1473.0 1491.0 1464.0 1615.0 1486.0 1500.0 1492.0 1462.0 1483.0 1464.0 1494.0 1380.0
1502.0 1500.0 1481.0 1461.0 1449.0 1480.0 1452.0 1674.0 1485.0 1485.0 1488.0 1469.0 1484.0 1489.0 1495.0 1384.0
1485.0 1481.0 1492.0 1475.0 1486.0 1486.0 1457.0 1767.0 1480.0 1484.0 1481.0 1484.0 1499.0 1490.0 1486.0 1390.0
1476.0 1483.0 1493.0 1472.0 1495.0 1492.0 1465.0 1704.0 1481.0 1478.0 1475.0 1484.0 1479.0 1483.0 1478.0 1395.0
1492.0 1496.0 1478.0 1495.0 1486.0 1476.0 1463.0 1526.0 1479.0 1486.0 1505.0 1472.0 1495.0 1508.0 1479.0 1403.0
1489.0 1484.0 1489.0 1465.0 1490.0 1477.0 1431.0 1187.0 1485.0 1487.0 1461.0 1467.0 1492.0 1486.0 1485.0 1387.0
1491.0 1500.0 1496.0 1499.0 1481.0 1487.0 1412.0 1025.0 1474.0 1482.0 1488.0 1482.0 1487.0 1492.0 1498.0 1406.0
1483.0 1474.0 1458.0 1452.0 1471.0 1471.0 1351.0 925.0 1451.0 1473.0 1477.0 1446.0 1472.0 1485.0 1464.0 1377.0
1441.0 1439.0 1441.0 1442.0 1439.0 1441.0 1439.0 1721.0 1439.0 1441.0 1441.0 1446.0 1440.0 1440.0 1441.0 1452.0
1442.0 1441.0 1443.0 1458.0 1440.0 1440.0 1419.0 1562.0 1440.0 1439.0 1440.0 1467.0 1439.0 1441.0 1445.0 1468.0
1441.0 1442.0 1440.0 1446.0 1440.0 1436.0 1387.0 1385.0 1433.0 1437.0 1439.0 1443.0 1440.0 1441.0 1442.0 1445.0
1439.0 1440.0 1441.0 1459.0 1441.0 1438.0 1372.0 1270.0 1437.0 1440.0 1441.0 1455.0 1440.0 1441.0 1441.0 1464.0
1441.0 1443.0 1440.0 1452.0 1440.0 1437.0 1342.0 1145.0 1435.0 1439.0 1438.0 1446.0 1441.0 1440.0 1441.0 1452.0
1444.0 1441.0 1440.0 1448.0 1441.0 1436.0 1320.0 1038.0 1437.0 1438.0 1437.0 1446.0 1441.0 1441.0 1442.0 1449.0
1441.0 1441.0 1438.0 1447.0 1441.0 1438.0 1302.0 1009.0 1434.0 1439.0 1439.0 1443.0 1440.0 1441.0 1442.0 1463.0
1441.0 1441.0 1441.0 1440.0 1438.0 1438.0 1297.0 949.0 1433.0 1438.0 1437.0 1437.0 1441.0 1441.0 1442.0 1434.0
1441.0 1442.0 1440.0 1443.0 1437.0 1435.0 1285.0 920.0 1433.0 1437.0 1437.0 1439.0 1439.0 1443.0 1440.0 1447.0
1441.0 1443.0 1441.0 1438.0 1439.0 1435.0 1284.0 903.0 1433.0 1437.0 1435.0 1439.0 1441.0 1441.0 1441.0 1440.0
1442.0 1440.0 1439.0 1441.0 1439.0 1436.0 1278.0 895.0 1436.0 1437.0 1439.0 1439.0 1440.0 1441.0 1441.0 1443.0
1441.0 1441.0 1441.0 1440.0 1438.0 1433.0 1277.0 889.0 1434.0 1437.0 1438.0 1438.0 1441.0 1441.0 1440.0 1442.0
1441.0 1441.0 1441.0 1443.0 1440.0 1434.0 1276.0 920.0 1433.0 1438.0 1440.0 1440.0 1441.0 1441.0 1442.0 1441.0
1441.0 1441.0 1441.0 1440.0 1438.0 1435.0 1274.0 1035.0 1432.0 1437.0 1439.0 1437.0 1441.0 1438.0 1441.0 1442.0
1441.0 1442.0 1440.0 1440.0 1436.0 1435.0 1268.0 1173.0 1432.0 1437.0 1440.0 1440.0 1439.0 1440.0 1440.0 1442.0
1441.0 1443.0 1440.0 1439.0 1439.0 1438.0 1266.0 1181.0 1430.0 1437.0 1438.0 1440.0 1439.0 1441.0 1441.0 1442.0
1441.0 1443.0 1440.0 1441.0 1438.0 1433.0 1263.0 1117.0 1433.0 1435.0 1437.0 1435.0 1438.0 1441.0 1440.0 1443.0
1441.0 1441.0 1438.0 1441.0 1436.0 1434.0 1264.0 1134.0 1434.0 1439.0 1440.0 1436.0 1439.0 1441.0 1441.0 1445.0
1441.0 1440.0 1440.0 1441.0 1436.0 1433.0 1265.0 1149.0 1431.0 1437.0 1440.0 1441.0 1439.0 1441.0 1442.0 1444.0
1441.0 1441.0 1438.0 1442.0 1433.0 1430.0 1274.0 1206.0 1432.0 1434.0 1436.0 1443.0 1441.0 1440.0 1440.0 1445.0
1439.0 1438.0 1439.0 1442.0 1433.0 1433.0 1298.0 1252.0 1430.0 1435.0 1434.0 1437.0 1438.0 1437.0 1440.0 1442.0
1438.0 1439.0 1438.0 1438.0 1433.0 1430.0 1318.0 1307.0 1430.0 1434.0 1435.0 1436.0 1435.0 1440.0 1440.0 1443.0
1437.0 1437.0 1436.0 1436.0 1433.0 1429.0 1366.0 1383.0 1430.0 1428.0 1432.0 1434.0 1435.0 1437.0 1437.0 1441.0
1436.0 1435.0 1433.0 1427.0 1434.0 1427.0 1388.0 1414.0 1433.0 1432.0 1436.0 1428.0 1436.0 1435.0 1437.0 1437.0
1436.0 1436.0 1434.0 1419.0 1434.0 1433.0 1424.0 1505.0 1435.0 1434.0 1434.0 1417.0 1435.0 1433.0 1438.0 1431.0
1435.0 1434.0 1435.0 1420.0 1433.0 1431.0 1446.0 1546.0 1433.0 1432.0 1432.0 1420.0 1435.0 1435.0 1434.0 1431.0
1434.0 1439.0 1437.0 1424.0 1436.0 1433.0 1476.0 1656.0 1433.0 1433.0 1434.0 1431.0 1434.0 1436.0 1437.0 1437.0
1437.0 1438.0 1437.0 1436.0 1433.0 1435.0 1481.0 1713.0 1437.0 1433.0 1432.0 1430.0 1436.0 1437.0 1437.0 1443.0
1441.0 1439.0 1439.0 1442.0 1440.0 1439.0 1483.0 1802.0 1441.0 1438.0 1436.0 1429.0 1439.0 1441.0 1440.0 1451.0
1440.0 1440.0 1437.0 1442.0 1439.0 1437.0 1473.0 1828.0 1439.0 1436.0 1438.0 1430.0 1439.0 1438.0 1441.0 1440.0
1441.0 1439.0 1440.0 1441.0 1441.0 1445.0 1447.0 1813.0 1441.0 1441.0 1439.0 1433.0 1439.0 1441.0 1443.0 1441.0
1442.0 1440.0 1440.0 1470.0 1438.0 1434.0 1427.0 1832.0 1436.0 1439.0 1436.0 1462.0 1439.0 1440.0 1442.0 1474.0
1441.0 1441.0 1439.0 1442.0 1441.0 1439.0 1411.0 1226.0 1437.0 1441.0 1441.0 1452.0 1441.0 1443.0 1447.0 1454.0
1441.0 1442.0 1441.0 1467.0 1441.0 1440.0 1391.0 991.0 1440.0 1441.0 1439.0 1458.0 1444.0 1445.0 1446.0 1474.0
1443.0 1442.0 1442.0 1441.0 1440.0 1441.0 1367.0 741.0 1438.0 1441.0 1440.0 1441.0 1442.0 1443.0 1442.0 1445.0
1443.0 1443.0 1440.0 1448.0 1441.0 1439.0 1349.0 638.0 1434.0 1435.0 1441.0 1448.0 1441.0 1441.0 1445.0 1451.0
1446.0 1443.0 1436.0 1433.0 1438.0 1436.0 1322.0 621.0 1436.0 1439.0 1438.0 1441.0 1440.0 1443.0 1443.0 1443.0
1443.0 1442.0 1440.0 1431.0 1436.0 1433.0 1307.0 605.0 1437.0 1438.0 1437.0 1441.0 1440.0 1438.0 1447.0 1441.0
1443.0 1438.0 1437.0 1432.0 1434.0 1430.0 1297.0 571.0 1428.0 1436.0 1434.0 1439.0 1439.0 1438.0 1441.0 1445.0
1439.0 1440.0 1438.0 1435.0 1429.0 1430.0 1296.0 561.0 1431.0 1433.0 1434.0 1443.0 1435.0 1439.0 1438.0 1452.0
1442.0 1440.0 1436.0 1437.0 1433.0 1434.0 1293.0 558.0 1434.0 1436.0 1433.0 1441.0 1435.0 1441.0 1440.0 1441.0
1440.0 1438.0 1436.0 1429.0 1431.0 1432.0 1299.0 569.0 1435.0 1437.0 1434.0 1432.0 1438.0 1439.0 1439.0 1435.0
1438.0 1439.0 1437.0 1425.0 1433.0 1434.0 1313.0 586.0 1437.0 1433.0 1433.0 1431.0 1438.0 1439.0 1441.0 1435.0
1439.0 1436.0 1438.0 1421.0 1429.0 1431.0 1316.0 630.0 1436.0 1434.0 1433.0 1425.0 1437.0 1437.0 1440.0 1424.0
1435.0 1436.0 1431.0 1421.0 1430.0 1432.0 1330.0 745.0 1434.0 1433.0 1436.0 1421.0 1436.0 1438.0 1437.0 1420.0
1440.0 1435.0 1433.0 1418.0 1429.0 1432.0 1333.0 791.0 1435.0 1435.0 1433.0 1416.0 1436.0 1435.0 1437.0 1419.0
1436.0 1439.0 1437.0 1416.0 1430.0 1432.0 1342.0 833.0 1434.0 1436.0 1432.0 1419.0 1433.0 1438.0 1439.0 1417.0
1437.0 1440.0 1436.0 1417.0 1432.0 1431.0 1339.0 864.0 1436.0 1436.0 1433.0 1416.0 1437.0 1436.0 1440.0 1419.0
1436.0 1437.0 1440.0 1418.0 1432.0 1436.0 1339.0 875.0 1437.0 1435.0 1436.0 1419.0 1435.0 1441.0 1438.0 1423.0
1441.0 1439.0 1438.0 1419.0 1434.0 1435.0 1335.0 916.0 1438.0 1437.0 1437.0 1419.0 1437.0 1438.0 1441.0 1419.0
1441.0 1440.0 1438.0 1418.0 1433.0 1435.0 1327.0 948.0 1436.0 1436.0 1438.0 1421.0 1436.0 1443.0 1441.0 1423.0
1443.0 1439.0 1438.0 1419.0 1432.0 1435.0 1322.0 981.0 1440.0 1437.0 1440.0 1422.0 1439.0 1441.0 1438.0 1423.0
1441.0 1438.0 1438.0 1421.0 1436.0 1436.0 1322.0 1077.0 1436.0 1436.0 1438.0 1421.0 1438.0 1441.0 1441.0 1424.0
1441.0 1439.0 1438.0 1419.0 1432.0 1435.0 1323.0 1109.0 1437.0 1439.0 1439.0 1419.0 1439.0 1442.0 1441.0 1423.0
1441.0 1441.0 1440.0 1416.0 1436.0 1435.0 1330.0 1240.0 1437.0 1438.0 1438.0 1416.0 1437.0 1441.0 1440.0 1419.0
1442.0 1439.0 1437.0 1420.0 1436.0 1435.0 1342.0 1291.0 1437.0 1437.0 1437.0 1419.0 1439.0 1441.0 1441.0 1421.0
1440.0 1442.0 1440.0 1420.0 1433.0 1439.0 1353.0 1380.0 1437.0 1437.0 1441.0 1419.0 1439.0 1442.0 1439.0 1424.0
1441.0 1441.0 1439.0 1422.0 1435.0 1435.0 1365.0 1442.0 1440.0 1440.0 1441.0 1419.0 1440.0 1442.0 1440.0 1423.0
1439.0 1439.0 1440.0 1424.0 1436.0 1439.0 1389.0 1541.0 1440.0 1437.0 1438.0 1423.0 1439.0 1441.0 1441.0 1424.0
1444.0 1442.0 1439.0 1425.0 1439.0 1441.0 1395.0 1608.0 1441.0 1438.0 1441.0 1428.0 1441.0 1441.0 1442.0 1426.0
1442.0 1441.0 1441.0 1444.0 1440.0 1440.0 1407.0 1680.0 1440.0 1441.0 1442.0 1448.0 1441.0 1441.0 1443.0 1443.0
1443.0 1442.0 1442.0 1449.0 1439.0 1440.0 1406.0 1683.0 1437.0 1441.0 1441.0 1436.0 1442.0 1442.0 1442.0 1438.0
1445.0 1441.0 1444.0 1466.0 1440.0 1441.0 1403.0 1573.0 1441.0 1447.0 1446.0 1472.0 1443.0 1443.0 1445.0 1469.0
1442.0 1441.0 1443.0 1463.0 1441.0 1437.0 1371.0 1312.0 1435.0 1437.0 1439.0 1441.0 1441.0 1442.0 1442.0 1449.0
1451.0 1453.0 1448.0 1450.0 1447.0 1447.0 1516.0 1888.0 1446.0 1446.0 1447.0 1448.0 1444.0 1451.0 1446.0 1456.0
1447.0 1446.0 1442.0 1443.0 1442.0 1443.0 1491.0 1856.0 1443.0 1442.0 1442.0 1442.0 1441.0 1441.0 1443.0 1445.0
1447.0 1444.0 1447.0 1451.0 1447.0 1442.0 1458.0 1848.0 1442.0 1442.0 1442.0 1450.0 1444.0 1447.0 1446.0 1448.0
1446.0 1446.0 1446.0 1446.0 1443.0 1441.0 1441.0 1722.0 1439.0 1442.0 1443.0 1449.0 1443.0 1442.0 1445.0 1444.0
1447.0 1444.0 1446.0 1476.0 1442.0 1441.0 1412.0 1648.0 1441.0 1443.0 1439.0 1462.0 1443.0 1441.0 1444.0 1470.0
1448.0 1445.0 1447.0 1449.0 1444.0 1442.0 1396.0 1421.0 1440.0 1439.0 1441.0 1457.0 1441.0 1441.0 1442.0 1451.0
1446.0 1443.0 1445.0 1468.0 1443.0 1440.0 1380.0 1384.0 1434.0 1442.0 1441.0 1458.0 1441.0 1445.0 1442.0 1470.0
1446.0 1445.0 1445.0 1455.0 1444.0 1439.0 1371.0 1283.0 1436.0 1440.0 1442.0 1453.0 1441.0 1445.0 1442.0 1447.0
1446.0 1444.0 1445.0 1453.0 1442.0 1440.0 1345.0 1228.0 1435.0 1439.0 1441.0 1449.0 1443.0 1445.0 1441.0 1446.0
1448.0 1442.0 1443.0 1450.0 1440.0 1440.0 1341.0 1187.0 1437.0 1439.0 1441.0 1446.0 1442.0 1445.0 1442.0 1447.0
1443.0 1443.0 1443.0 1449.0 1441.0 1438.0 1330.0 1165.0 1435.0 1440.0 1440.0 1440.0 1442.0 1444.0 1444.0 1446.0
1444.0 1443.0 1444.0 1449.0 1441.0 1439.0 1331.0 1107.0 1435.0 1439.0 1441.0 1443.0 1440.0 1443.0 1443.0 1442.0
1444.0 1442.0 1443.0 1448.0 1440.0 1439.0 1324.0 1099.0 1435.0 1441.0 1440.0 1443.0 1441.0 1443.0 1442.0 1442.0
1442.0 1444.0 1442.0 1448.0 1443.0 1440.0 1328.0 1099.0 1436.0 1441.0 1440.0 1444.0 1441.0 1440.0 1442.0 1444.0
1446.0 1445.0 1442.0 1448.0 1441.0 1439.0 1324.0 1150.0 1436.0 1441.0 1441.0 1443.0 1442.0 1441.0 1443.0 1443.0
1444.0 1448.0 1442.0 1447.0 1441.0 1439.0 1322.0 1165.0 1438.0 1439.0 1443.0 1443.0 1441.0 1442.0 1441.0 1441.0
1448.0 1444.0 1443.0 1448.0 1441.0 1441.0 1320.0 1322.0 1436.0 1441.0 1443.0 1445.0 1441.0 1441.0 1444.0 1442.0
1445.0 1442.0 1441.0 1446.0 1442.0 1441.0 1318.0 1355.0 1438.0 1439.0 1441.0 1445.0 1442.0 1442.0 1444.0 1441.0
1448.0 1444.0 1444.0 1446.0 1442.0 1441.0 1313.0 1360.0 1433.0 1439.0 1440.0 1441.0 1439.0 1441.0 1443.0 1442.0
1442.0 1442.0 1442.0 1447.0 1441.0 1437.0 1313.0 1354.0 1433.0 1440.0 1438.0 1443.0 1441.0 1442.0 1445.0 1443.0
1442.0 1443.0 1440.0 1447.0 1441.0 1439.0 1322.0 1345.0 1434.0 1438.0 1440.0 1441.0 1440.0 1443.0 1441.0 1441.0
1442.0 1443.0 1439.0 1442.0 1439.0 1436.0 1336.0 1358.0 1434.0 1438.0 1438.0 1443.0 1440.0 1441.0 1441.0 1445.0
1443.0 1441.0 1440.0 1439.0 1438.0 1436.0 1373.0 1420.0 1433.0 1436.0 1438.0 1438.0 1437.0 1439.0 1441.0 1437.0
1442.0 1441.0 1440.0 1437.0 1437.0 1437.0 1397.0 1451.0 1436.0 1432.0 1437.0 1429.0 1438.0 1437.0 1441.0 1431.0
1440.0 1440.0 1439.0 1438.0 1440.0 1436.0 1447.0 1515.0 1437.0 1435.0 1437.0 1437.0 1434.0 1434.0 1437.0 1439.0
1440.0 1435.0 1439.0 1439.0 1439.0 1436.0 1468.0 1545.0 1437.0 1433.0 1434.0 1434.0 1434.0 1435.0 1440.0 1434.0
1441.0 1438.0 1440.0 1428.0 1436.0 1439.0 1522.0 1666.0 1437.0 1436.0 1438.0 1423.0 1439.0 1440.0 1439.0 1424.0
1441.0 1441.0 1440.0 1424.0 1438.0 1440.0 1526.0 1710.0 1437.0 1436.0 1435.0 1420.0 1441.0 1438.0 1439.0 1416.0
1441.0 1442.0 1440.0 1423.0 1442.0 1443.0 1546.0 1828.0 1441.0 1440.0 1440.0 1423.0 1441.0 1441.0 1441.0 1424.0
1443.0 1444.0 1442.0 1433.0 1442.0 1441.0 1532.0 1850.0 1441.0 1439.0 1441.0 1434.0 1441.0 1441.0 1445.0 1436.0
1444.0 1442.0 1445.0 1438.0 1446.0 1444.0 1515.0 1871.0 1445.0 1443.0 1443.0 1441.0 1444.0 1442.0 1442.0 1441.0
1442.0 1443.0 1447.0 1446.0 1443.0 1443.0 1498.0 1912.0 1441.0 1439.0 1440.0 1441.0 1442.0 1443.0 1443.0 1451.0
1446.0 1446.0 1444.0 1454.0 1442.0 1443.0 1481.0 1780.0 1445.0 1442.0 1444.0 1453.0 1447.0 1445.0 1446.0 1457.0
1448.0 1447.0 1448.0 1455.0 1442.0 1445.0 1447.0 1595.0 1441.0 1443.0 1445.0 1460.0 1444.0 1446.0 1448.0 1460.0
1446.0 1446.0 1443.0 1469.0 1444.0 1440.0 1421.0 1406.0 1439.0 1442.0 1441.0 1457.0 1445.0 1444.0 1442.0 1468.0
1445.0 1446.0 1441.0 1456.0 1441.0 1441.0 1406.0 1178.0 1440.0 1441.0 1440.0 1457.0 1443.0 1444.0 1447.0 1468.0
1446.0 1445.0 1441.0 1463.0 1442.0 1436.0 1366.0 981.0 1437.0 1440.0 1441.0 1445.0 1441.0 1442.0 1447.0 1457.0
1442.0 1443.0 1441.0 1434.0 1441.0 1438.0 1349.0 905.0 1433.0 1438.0 1437.0 1436.0 1441.0 1442.0 1445.0 1441.0
1441.0 1437.0 1440.0 1443.0 1435.0 1434.0 1322.0 825.0 1431.0 1437.0 1435.0 1443.0 1439.0 1440.0 1441.0 1476.0
1443.0 1440.0 1439.0 1430.0 1437.0 1435.0 1309.0 779.0 1434.0 1435.0 1438.0 1431.0 1438.0 1440.0 1438.0 1427.0
1438.0 1437.0 1435.0 1438.0 1434.0 1435.0 1293.0 712.0 1431.0 1438.0 1435.0 1441.0 1440.0 1439.0 1441.0 1450.0
1442.0 1440.0 1436.0 1438.0 1434.0 1436.0 1287.0 692.0 1433.0 1436.0 1438.0 1433.0 1437.0 1441.0 1437.0 1438.0
1441.0 1436.0 1436.0 1438.0 1435.0 1434.0 1278.0 656.0 1433.0 1438.0 1438.0 1438.0 1438.0 1438.0 1441.0 1444.0
1438.0 1440.0 1435.0 1433.0 1431.0 1434.0 1280.0 659.0 1432.0 1435.0 1435.0 1438.0 1439.0 1439.0 1438.0 1439.0
1437.0 1439.0 1435.0 1431.0 1431.0 1433.0 1285.0 697.0 1434.0 1433.0 1439.0 1428.0 1438.0 1437.0 1438.0 1432.0
1437.0 1439.0 1435.0 1426.0 1434.0 1435.0 1290.0 738.0 1436.0 1433.0 1436.0 1429.0 1437.0 1439.0 1440.0 1433.0
1439.0 1437.0 1436.0 1425.0 1436.0 1430.0 1292.0 883.0 1434.0 1435.0 1435.0 1427.0 1440.0 1437.0 1440.0 1427.0
1440.0 1437.0 1438.0 1426.0 1433.0 1433.0 1292.0 908.0 1436.0 1436.0 1435.0 1425.0 1439.0 1439.0 1439.0 1430.0
1440.0 1437.0 1438.0 1430.0 1436.0 1436.0 1289.0 865.0 1436.0 1435.0 1438.0 1428.0 1439.0 1441.0 1442.0 1429.0
1441.0 1439.0 1437.0 1428.0 1436.0 1434.0 1283.0 886.0 1438.0 1439.0 1437.0 1428.0 1440.0 1442.0 1441.0 1434.0
1441.0 1441.0 1439.0 1433.0 1435.0 1436.0 1273.0 874.0 1437.0 1437.0 1439.0 1430.0 1439.0 1441.0 1441.0 1431.0
1441.0 1441.0 1440.0 1431.0 1436.0 1433.0 1271.0 903.0 1437.0 1440.0 1439.0 1431.0 1439.0 1441.0 1443.0 1432.0
1441.0 1441.0 1441.0 1428.0 1435.0 1436.0 1265.0 966.0 1435.0 1438.0 1440.0 1428.0 1441.0 1441.0 1441.0 1434.0
1442.0 1441.0 1439.0 1431.0 1435.0 1434.0 1268.0 991.0 1435.0 1440.0 1439.0 1431.0 1441.0 1442.0 1442.0 1432.0
1441.0 1441.0 1441.0 1435.0 1436.0 1435.0 1282.0 1136.0 1438.0 1437.0 1437.0 1436.0 1442.0 1441.0 1443.0 1433.0
1443.0 1441.0 1440.0 1434.0 1438.0 1438.0 1297.0 1221.0 1439.0 1438.0 1439.0 1436.0 1441.0 1442.0 1443.0 1432.0
1441.0 1443.0 1441.0 1428.0 1438.0 1436.0 1326.0 1299.0 1438.0 1439.0 1442.0 1432.0 1439.0 1442.0 1442.0 1433.0
1443.0 1443.0 1441.0 1426.0 1436.0 1439.0 1342.0 1371.0 1439.0 1439.0 1441.0 1429.0 1441.0 1442.0 1442.0 1429.0
1441.0 1443.0 1441.0 1432.0 1437.0 1438.0 1381.0 1452.0 1439.0 1441.0 1441.0 1434.0 1444.0 1444.0 1443.0 1437.0
1443.0 1444.0 1443.0 1436.0 1438.0 1441.0 1395.0 1504.0 1441.0 1441.0 1441.0 1438.0 1443.0 1444.0 1443.0 1437.0
1444.0 1443.0 1444.0 1440.0 1441.0 1441.0 1427.0 1619.0 1442.0 1442.0 1445.0 1441.0 1442.0 1443.0 1447.0 1441.0
1444.0 1442.0 1444.0 1442.0 1443.0 1442.0 1433.0 1677.0 1445.0 1442.0 1443.0 1442.0 1442.0 1444.0 1448.0 1441.0
1447.0 1446.0 1446.0 1440.0 1446.0 1446.0 1445.0 1747.0 1448.0 1448.0 1448.0 1441.0 1444.0 1445.0 1444.0 1440.0
1444.0 1442.0 1442.0 1476.0 1441.0 1441.0 1422.0 1805.0 1440.0 1439.0 1441.0 1471.0 1441.0 1445.0 1445.0 1478.0
1444.0 1441.0 1441.0 1428.0 1442.0 1441.0 1568.0 1891.0 1443.0 1439.0 1440.0 1426.0 1442.0 1442.0 1442.0 1424.0
1441.0 1443.0 1443.0 1428.0 1442.0 1442.0 1554.0 1881.0 1439.0 1441.0 1438.0 1428.0 1443.0 1445.0 1442.0 1427.0
1443.0 1442.0 1442.0 1444.0 1443.0 1443.0 1532.0 1900.0 1441.0 1443.0 1441.0 1442.0 1445.0 1444.0 1441.0 1448.0
1441.0 1442.0 1442.0 1445.0 1442.0 1444.0 1513.0 1869.0 1444.0 1443.0 1444.0 1444.0 1446.0 1443.0 1444.0 1445.0
1443.0 1442.0 1443.0 1454.0 1442.0 1443.0 1494.0 1878.0 1441.0 1443.0 1441.0 1452.0 1445.0 1443.0 1443.0 1455.0
1444.0 1442.0 1442.0 1456.0 1443.0 1442.0 1478.0 1851.0 1444.0 1442.0 1442.0 1453.0 1444.0 1442.0 1444.0 1454.0
1447.0 1443.0 1444.0 1459.0 1444.0 1443.0 1453.0 1806.0 1439.0 1441.0 1441.0 1461.0 1442.0 1443.0 1443.0 1468.0
1446.0 1445.0 1445.0 1462.0 1442.0 1442.0 1447.0 1672.0 1440.0 1441.0 1445.0 1454.0 1445.0 1445.0 1443.0 1459.0
1445.0 1445.0 1442.0 1463.0 1443.0 1441.0 1433.0 1559.0 1437.0 1443.0 1443.0 1459.0 1442.0 1442.0 1444.0 1462.0
1444.0 1445.0 1445.0 1462.0 1444.0 1443.0 1432.0 1481.0 1432.0 1441.0 1444.0 1456.0 1443.0 1444.0 1446.0 1460.0
1444.0 1447.0 1442.0 1460.0 1441.0 1438.0 1421.0 1474.0 1438.0 1441.0 1442.0 1454.0 1442.0 1443.0 1445.0 1458.0
1444.0 1445.0 1444.0 1458.0 1443.0 1440.0 1421.0 1391.0 1439.0 1441.0 1441.0 1455.0 1442.0 1444.0 1444.0 1459.0
1443.0 1442.0 1446.0 1460.0 1441.0 1439.0 1415.0 1370.0 1437.0 1438.0 1443.0 1457.0 1443.0 1445.0 1446.0 1454.0
1446.0 1444.0 1444.0 1460.0 1443.0 1443.0 1414.0 1377.0 1438.0 1439.0 1441.0 1455.0 1443.0 1443.0 1446.0 1458.0
1447.0 1446.0 1444.0 1458.0 1443.0 1443.0 1411.0 1371.0 1438.0 1442.0 1445.0 1457.0 1443.0 1443.0 1445.0 1458.0
1446.0 1445.0 1441.0 1459.0 1443.0 1441.0 1412.0 1350.0 1437.0 1443.0 1442.0 1456.0 1441.0 1446.0 1444.0 1455.0
1447.0 1446.0 1442.0 1457.0 1445.0 1439.0 1406.0 1372.0 1435.0 1444.0 1443.0 1455.0 1442.0 1442.0 1444.0 1456.0
1445.0 1444.0 1443.0 1458.0 1442.0 1441.0 1406.0 1381.0 1436.0 1440.0 1442.0 1456.0 1445.0 1445.0 1445.0 1455.0
1443.0 1445.0 1442.0 1459.0 1443.0 1440.0 1398.0 1451.0 1434.0 1443.0 1440.0 1453.0 1441.0 1445.0 1442.0 1454.0
1445.0 1444.0 1443.0 1458.0 1441.0 1440.0 1395.0 1546.0 1435.0 1441.0 1441.0 1456.0 1441.0 1445.0 1444.0 1456.0
1445.0 1443.0 1443.0 1457.0 1441.0 1440.0 1384.0 1547.0 1433.0 1440.0 1441.0 1452.0 1442.0 1441.0 1444.0 1458.0
1444.0 1443.0 1441.0 1455.0 1440.0 1438.0 1387.0 1542.0 1434.0 1435.0 1440.0 1450.0 1441.0 1443.0 1445.0 1453.0
1443.0 1441.0 1441.0 1451.0 1437.0 1437.0 1399.0 1540.0 1436.0 1439.0 1437.0 1450.0 1440.0 1441.0 1443.0 1454.0
1441.0 1437.0 1440.0 1449.0 1437.0 1437.0 1415.0 1544.0 1435.0 1436.0 1437.0 1447.0 1439.0 1441.0 1441.0 1452.0
1439.0 1440.0 1438.0 1448.0 1438.0 1438.0 1442.0 1567.0 1435.0 1437.0 1435.0 1445.0 1441.0 1441.0 1439.0 1448.0
1439.0 1440.0 1440.0 1450.0 1440.0 1438.0 1469.0 1588.0 1436.0 1436.0 1437.0 1446.0 1437.0 1440.0 1441.0 1447.0
1437.0 1438.0 1439.0 1444.0 1437.0 1440.0 1530.0 1697.0 1438.0 1436.0 1437.0 1442.0 1440.0 1441.0 1439.0 1442.0
1443.0 1441.0 1440.0 1452.0 1439.0 1439.0 1546.0 1736.0 1437.0 1436.0 1440.0 1445.0 1441.0 1441.0 1441.0 1454.0
1444.0 1442.0 1442.0 1441.0 1442.0 1441.0 1568.0 1813.0 1441.0 1439.0 1442.0 1438.0 1441.0 1445.0 1442.0 1444.0
1444.0 1442.0 1441.0 1425.0 1441.0 1442.0 1573.0 1835.0 1441.0 1439.0 1437.0 1418.0 1441.0 1443.0 1443.0 1422.0
1444.0 1443.0 1442.0 1421.0 1443.0 1445.0 1570.0 1886.0 1443.0 1442.0 1445.0 1418.0 1442.0 1442.0 1443.0 1428.0
1441.0 1441.0 1441.0 1427.0 1442.0 1441.0 1556.0 1927.0 1438.0 1439.0 1438.0 1432.0 1438.0 1441.0 1442.0 1433.0
1443.0 1442.0 1441.0 1449.0 1447.0 1444.0 1543.0 1869.0 1443.0 1443.0 1443.0 1447.0 1442.0 1445.0 1443.0 1453.0
1442.0 1442.0 1444.0 1450.0 1447.0 1444.0 1505.0 1799.0 1444.0 1443.0 1441.0 1451.0 1443.0 1445.0 1444.0 1453.0
1445.0 1446.0 1445.0 1452.0 1445.0 1445.0 1481.0 1805.0 1443.0 1446.0 1446.0 1451.0 1445.0 1444.0 1446.0 1450.0
1442.0 1446.0 1443.0 1451.0 1448.0 1444.0 1470.0 1743.0 1441.0 1444.0 1444.0 1447.0 1445.0 1444.0 1445.0 1452.0
1445.0 1445.0 1444.0 1461.0 1441.0 1442.0 1420.0 1579.0 1441.0 1441.0 1442.0 1470.0 1442.0 1445.0 1445.0 1466.0
1443.0 1442.0 1445.0 1451.0 1443.0 1440.0 1396.0 1408.0 1440.0 1441.0 1441.0 1448.0 1442.0 1442.0 1445.0 1447.0
1443.0 1439.0 1441.0 1461.0 1439.0 1436.0 1365.0 1262.0 1436.0 1441.0 1438.0 1459.0 1440.0 1442.0 1441.0 1465.0
1442.0 1441.0 1439.0 1450.0 1440.0 1437.0 1347.0 1132.0 1434.0 1438.0 1439.0 1446.0 1439.0 1441.0 1443.0 1450.0
1441.0 1440.0 1440.0 1449.0 1439.0 1437.0 1312.0 1025.0 1436.0 1438.0 1439.0 1447.0 1440.0 1442.0 1441.0 1450.0
1441.0 1441.0 1441.0 1446.0 1439.0 1436.0 1301.0 998.0 1437.0 1437.0 1438.0 1440.0 1441.0 1442.0 1442.0 1453.0
1441.0 1441.0 1439.0 1441.0 1438.0 1435.0 1284.0 917.0 1435.0 1439.0 1441.0 1436.0 1441.0 1442.0 1440.0 1440.0
1439.0 1439.0 1441.0 1442.0 1440.0 1436.0 1280.0 877.0 1437.0 1438.0 1440.0 1437.0 1440.0 1442.0 1441.0 1447.0
1438.0 1441.0 1441.0 1439.0 1435.0 1438.0 1275.0 872.0 1436.0 1439.0 1441.0 1439.0 1440.0 1439.0 1443.0 1443.0
1439.0 1441.0 1437.0 1440.0 1437.0 1436.0 1272.0 868.0 1435.0 1441.0 1440.0 1440.0 1439.0 1440.0 1441.0 1444.0
1443.0 1443.0 1441.0 1438.0 1439.0 1436.0 1271.0 903.0 1432.0 1440.0 1438.0 1442.0 1440.0 1443.0 1445.0 1442.0
1441.0 1441.0 1441.0 1440.0 1439.0 1437.0 1271.0 934.0 1436.0 1441.0 1442.0 1441.0 1443.0 1442.0 1442.0 1441.0
1442.0 1443.0 1442.0 1443.0 1440.0 1437.0 1271.0 1008.0 1438.0 1441.0 1442.0 1441.0 1442.0 1443.0 1445.0 1448.0
1443.0 1442.0 1441.0 1442.0 1441.0 1436.0 1269.0 1066.0 1440.0 1441.0 1443.0 1442.0 1444.0 1444.0 1446.0 1448.0
1445.0 1443.0 1443.0 1445.0 1439.0 1438.0 1260.0 1051.0 1441.0 1442.0 1444.0 1443.0 1442.0 1444.0 1447.0 1449.0
1443.0 1444.0 1445.0 1441.0 1441.0 1436.0 1257.0 1045.0 1441.0 1441.0 1445.0 1441.0 1444.0 1443.0 1442.0 1447.0
1443.0 1444.0 1444.0 1439.0 1440.0 1440.0 1257.0 1044.0 1436.0 1443.0 1444.0 1442.0 1442.0 1445.0 1447.0 1446.0
1443.0 1444.0 1441.0 1444.0 1441.0 1435.0 1254.0 1049.0 1438.0 1439.0 1441.0 1444.0 1442.0 1442.0 1444.0 1452.0
1443.0 1441.0 1443.0 1445.0 1439.0 1438.0 1267.0 1145.0 1440.0 1439.0 1442.0 1442.0 1444.0 1445.0 1441.0 1446.0
1445.0 1444.0 1445.0 1444.0 1442.0 1438.0 1280.0 1201.0 1441.0 1440.0 1444.0 1441.0 1444.0 1444.0 1444.0 1445.0
1443.0 1446.0 1445.0 1446.0 1440.0 1438.0 1325.0 1287.0 1441.0 1443.0 1443.0 1447.0 1443.0 1446.0 1444.0 1451.0
1443.0 1445.0 1444.0 1449.0 1439.0 1442.0 1350.0 1363.0 1439.0 1445.0 1441.0 1445.0 1443.0 1443.0 1444.0 1452.0
1446.0 1443.0 1444.0 1440.0 1445.0 1439.0 1392.0 1427.0 1443.0 1446.0 1444.0 1439.0 1446.0 1448.0 1443.0 1450.0
1448.0 1442.0 1447.0 1434.0 1443.0 1442.0 1413.0 1482.0 1443.0 1446.0 1441.0 1438.0 1445.0 1447.0 1445.0 1447.0
1449.0 1444.0 1448.0 1441.0 1448.0 1444.0 1462.0 1581.0 1443.0 1447.0 1447.0 1439.0 1448.0 1449.0 1448.0 1448.0
1444.0 1442.0 1447.0 1448.0 1442.0 1444.0 1471.0 1633.0 1444.0 1441.0 1448.0 1449.0 1443.0 1442.0 1450.0 1454.0
1446.0 1449.0 1448.0 1456.0 1452.0 1448.0 1492.0 1738.0 1450.0 1443.0 1451.0 1459.0 1451.0 1449.0 1446.0 1457.0
1444.0 1443.0 1448.0 1449.0 1446.0 1439.0 1485.0 1845.0 1443.0 1445.0 1443.0 1449.0 1445.0 1447.0 1444.0 1455.0
1442.0 1443.0 1443.0 1445.0 1442.0 1446.0 1599.0 1917.0 1442.0 1447.0 1442.0 1440.0 1444.0 1445.0 1447.0 1444.0
1445.0 1441.0 1442.0 1434.0 1445.0 1446.0 1601.0 1924.0 1444.0 1445.0 1444.0 1433.0 1443.0 1444.0 1447.0 1441.0
1445.0 1443.0 1443.0 1428.0 1446.0 1445.0 1588.0 1932.0 1442.0 1441.0 1442.0 1427.0 1444.0 1444.0 1445.0 1430.0
1445.0 1444.0 1443.0 1429.0 1446.0 1446.0 1580.0 1936.0 1442.0 1443.0 1443.0 1432.0 1445.0 1443.0 1445.0 1437.0
1446.0 1444.0 1442.0 1441.0 1444.0 1442.0 1562.0 1959.0 1445.0 1442.0 1442.0 1443.0 1443.0 1443.0 1448.0 1446.0
1444.0 1445.0 1441.0 1445.0 1448.0 1445.0 1552.0 1958.0 1441.0 1442.0 1443.0 1449.0 1442.0 1444.0 1445.0 1451.0
1445.0 1443.0 1443.0 1450.0 1443.0 1444.0 1535.0 1966.0 1442.0 1445.0 1445.0 1450.0 1444.0 1442.0 1444.0 1454.0
1443.0 1442.0 1443.0 1448.0 1447.0 1444.0 1528.0 1961.0 1441.0 1445.0 1445.0 1451.0 1446.0 1444.0 1447.0 1454.0
1445.0 1443.0 1443.0 1451.0 1444.0 1443.0 1514.0 1961.0 1442.0 1442.0 1444.0 1449.0 1449.0 1447.0 1447.0 1449.0
1446.0 1442.0 1443.0 1452.0 1443.0 1441.0 1516.0 1959.0 1442.0 1443.0 1443.0 1452.0 1443.0 1445.0 1444.0 1455.0
1447.0 1441.0 1445.0 1452.0 1445.0 1443.0 1503.0 1789.0 1439.0 1444.0 1441.0 1452.0 1441.0 1445.0 1446.0 1455.0
1447.0 1446.0 1444.0 1452.0 1442.0 1446.0 1502.0 1713.0 1441.0 1445.0 1443.0 1455.0 1443.0 1445.0 1446.0 1454.0
1445.0 1442.0 1441.0 1453.0 1446.0 1444.0 1499.0 1632.0 1441.0 1443.0 1443.0 1453.0 1444.0 1445.0 1442.0 1455.0
1445.0 1443.0 1442.0 1453.0 1446.0 1442.0 1505.0 1622.0 1441.0 1447.0 1443.0 1454.0 1441.0 1445.0 1444.0 1453.0
1447.0 1445.0 1443.0 1455.0 1444.0 1442.0 1501.0 1637.0 1440.0 1444.0 1443.0 1453.0 1443.0 1442.0 1442.0 1455.0
1444.0 1442.0 1443.0 1455.0 1442.0 1443.0 1506.0 1578.0 1441.0 1442.0 1442.0 1454.0 1445.0 1445.0 1443.0 1456.0
1442.0 1443.0 1443.0 1456.0 1445.0 1445.0 1496.0 1588.0 1441.0 1441.0 1441.0 1455.0 1442.0 1444.0 1445.0 1456.0
1445.0 1443.0 1444.0 1455.0 1444.0 1445.0 1491.0 1571.0 1441.0 1443.0 1442.0 1454.0 1446.0 1445.0 1442.0 1455.0
1445.0 1445.0 1443.0 1454.0 1444.0 1442.0 1485.0 1566.0 1441.0 1441.0 1443.0 1455.0 1443.0 1444.0 1442.0 1456.0
1443.0 1444.0 1441.0 1454.0 1441.0 1441.0 1480.0 1546.0 1441.0 1441.0 1443.0 1453.0 1443.0 1442.0 1445.0 1453.0
1445.0 1443.0 1442.0 1452.0 1441.0 1441.0 1469.0 1640.0 1441.0 1441.0 1441.0 1452.0 1442.0 1443.0 1442.0 1455.0
1441.0 1442.0 1441.0 1450.0 1441.0 1439.0 1465.0 1710.0 1439.0 1440.0 1441.0 1452.0 1441.0 1441.0 1443.0 1455.0
1440.0 1441.0 1441.0 1447.0 1437.0 1439.0 1454.0 1868.0 1437.0 1437.0 1440.0 1445.0 1440.0 1439.0 1439.0 1447.0
1440.0 1438.0 1437.0 1442.0 1438.0 1436.0 1455.0 1860.0 1438.0 1440.0 1440.0 1444.0 1439.0 1441.0 1439.0 1448.0
1439.0 1438.0 1438.0 1445.0 1437.0 1435.0 1463.0 1812.0 1437.0 1436.0 1440.0 1447.0 1439.0 1441.0 1438.0 1447.0
1441.0 1441.0 1437.0 1443.0 1438.0 1436.0 1475.0 1822.0 1439.0 1435.0 1438.0 1443.0 1439.0 1437.0 1439.0 1445.0
1443.0 1441.0 1438.0 1447.0 1440.0 1438.0 1503.0 1845.0 1438.0 1436.0 1440.0 1449.0 1439.0 1439.0 1439.0 1471.0
1441.0 1437.0 1439.0 1448.0 1438.0 1440.0 1532.0 1872.0 1438.0 1438.0 1440.0 1448.0 1439.0 1440.0 1440.0 1450.0
1443.0 1441.0 1441.0 1449.0 1441.0 1439.0 1562.0 1908.0 1441.0 1440.0 1443.0 1443.0 1441.0 1443.0 1443.0 1442.0
1442.0 1443.0 1442.0 1450.0 1444.0 1441.0 1579.0 1920.0 1441.0 1445.0 1441.0 1451.0 1445.0 1446.0 1444.0 1448.0
1443.0 1446.0 1444.0 1447.0 1445.0 1448.0 1614.0 1940.0 1444.0 1447.0 1447.0 1445.0 1445.0 1444.0 1447.0 1444.0
1444.0 1446.0 1443.0 1439.0 1444.0 1445.0 1592.0 1996.0 1445.0 1441.0 1443.0 1433.0 1444.0 1446.0 1443.0 1439.0
1439.0 1446.0 1442.0 1423.0 1443.0 1443.0 1578.0 1844.0 1441.0 1445.0 1443.0 1425.0 1444.0 1446.0 1445.0 1421.0
1442.0 1445.0 1442.0 1429.0 1441.0 1445.0 1557.0 1832.0 1442.0 1444.0 1441.0 1428.0 1443.0 1442.0 1451.0 1428.0
1441.0 1441.0 1442.0 1435.0 1443.0 1442.0 1539.0 1853.0 1443.0 1440.0 1439.0 1440.0 1444.0 1443.0 1447.0 1439.0
1441.0 1443.0 1442.0 1441.0 1444.0 1441.0 1525.0 1847.0 1441.0 1441.0 1442.0 1442.0 1441.0 1442.0 1442.0 1441.0
1442.0 1441.0 1440.0 1444.0 1442.0 1441.0 1482.0 1848.0 1441.0 1439.0 1441.0 1444.0 1441.0 1443.0 1441.0 1444.0
1439.0 1441.0 1439.0 1445.0 1441.0 1441.0 1459.0 1834.0 1438.0 1439.0 1441.0 1444.0 1441.0 1441.0 1442.0 1447.0
1437.0 1435.0 1439.0 1445.0 1436.0 1437.0 1427.0 1704.0 1435.0 1434.0 1437.0 1446.0 1439.0 1437.0 1441.0 1452.0
1436.0 1439.0 1439.0 1457.0 1438.0 1437.0 1413.0 1601.0 1433.0 1436.0 1436.0 1455.0 1437.0 1440.0 1441.0 1465.0
1440.0 1441.0 1439.0 1444.0 1438.0 1434.0 1370.0 1446.0 1432.0 1436.0 1437.0 1452.0 1437.0 1439.0 1436.0 1460.0
1437.0 1439.0 1436.0 1465.0 1436.0 1436.0 1351.0 1350.0 1431.0 1437.0 1438.0 1453.0 1440.0 1441.0 1438.0 1458.0
1438.0 1435.0 1437.0 1441.0 1435.0 1434.0 1331.0 1250.0 1429.0 1435.0 1436.0 1441.0 1436.0 1440.0 1434.0 1439.0
1436.0 1439.0 1437.0 1448.0 1434.0 1435.0 1318.0 1179.0 1429.0 1433.0 1435.0 1444.0 1437.0 1438.0 1438.0 1447.0
1434.0 1437.0 1438.0 1439.0 1435.0 1436.0 1307.0 1151.0 1432.0 1434.0 1437.0 1436.0 1439.0 1439.0 1437.0 1438.0
1436.0 1435.0 1438.0 1440.0 1434.0 1434.0 1300.0 1117.0 1429.0 1434.0 1435.0 1437.0 1439.0 1439.0 1437.0 1440.0
1440.0 1441.0 1439.0 1439.0 1436.0 1434.0 1292.0 1093.0 1433.0 1438.0 1438.0 1438.0 1438.0 1439.0 1439.0 1439.0
1438.0 1439.0 1437.0 1440.0 1437.0 1433.0 1292.0 1071.0 1434.0 1435.0 1437.0 1439.0 1439.0 1439.0 1438.0 1441.0
1441.0 1439.0 1441.0 1441.0 1439.0 1434.0 1293.0 1053.0 1433.0 1438.0 1439.0 1441.0 1441.0 1440.0 1441.0 1441.0
1441.0 1439.0 1441.0 1444.0 1439.0 1435.0 1293.0 1071.0 1433.0 1437.0 1438.0 1441.0 1441.0 1443.0 1441.0 1442.0
1441.0 1441.0 1443.0 1444.0 1441.0 1437.0 1290.0 1121.0 1438.0 1441.0 1439.0 1443.0 1439.0 1443.0 1443.0 1446.0
1440.0 1442.0 1441.0 1442.0 1438.0 1438.0 1288.0 1268.0 1435.0 1440.0 1439.0 1441.0 1442.0 1443.0 1443.0 1444.0
1441.0 1441.0 1442.0 1443.0 1438.0 1436.0 1283.0 1274.0 1438.0 1437.0 1441.0 1442.0 1442.0 1441.0 1442.0 1441.0
1441.0 1441.0 1441.0 1441.0 1438.0 1436.0 1279.0 1249.0 1435.0 1435.0 1441.0 1441.0 1441.0 1441.0 1445.0 1445.0
1443.0 1442.0 1441.0 1445.0 1439.0 1437.0 1286.0 1262.0 1433.0 1437.0 1441.0 1442.0 1443.0 1441.0 1444.0 1441.0
1441.0 1442.0 1443.0 1444.0 1441.0 1437.0 1293.0 1274.0 1435.0 1439.0 1441.0 1442.0 1445.0 1441.0 1445.0 1446.0
1443.0 1444.0 1442.0 1441.0 1437.0 1438.0 1318.0 1300.0 1437.0 1441.0 1443.0 1443.0 1442.0 1443.0 1445.0 1447.0
1441.0 1442.0 1443.0 1442.0 1436.0 1440.0 1334.0 1353.0 1438.0 1440.0 1441.0 1440.0 1443.0 1443.0 1441.0 1443.0
1442.0 1444.0 1446.0 1441.0 1441.0 1441.0 1394.0 1430.0 1439.0 1441.0 1441.0 1442.0 1443.0 1444.0 1446.0 1447.0
1445.0 1445.0 1444.0 1448.0 1443.0 1442.0 1416.0 1459.0 1439.0 1441.0 1441.0 1443.0 1447.0 1442.0 1442.0 1449.0
1446.0 1444.0 1443.0 1444.0 1444.0 1443.0 1470.0 1566.0 1441.0 1441.0 1443.0 1441.0 1444.0 1444.0 1444.0 1445.0
1448.0 1448.0 1444.0 1430.0 1442.0 1442.0 1482.0 1616.0 1441.0 1444.0 1442.0 1427.0 1443.0 1448.0 1449.0 1437.0
1445.0 1446.0 1447.0 1428.0 1449.0 1449.0 1517.0 1692.0 1445.0 1448.0 1449.0 1425.0 1449.0 1448.0 1449.0 1435.0
1441.0 1445.0 1446.0 1430.0 1445.0 1442.0 1530.0 1806.0 1442.0 1441.0 1441.0 1437.0 1442.0 1442.0 1448.0 1438.0
1441.0 1442.0 1446.0 1443.0 1443.0 1444.0 1586.0 1906.0 1447.0 1443.0 1441.0 1441.0 1442.0 1446.0 1441.0 1449.0
1441.0 1441.0 1444.0 1438.0 1446.0 1445.0 1591.0 1919.0 1446.0 1440.0 1442.0 1435.0 1444.0 1441.0 1443.0 1441.0
1441.0 1441.0 1441.0 1443.0 1447.0 1445.0 1607.0 1933.0 1441.0 1441.0 1440.0 1443.0 1441.0 1439.0 1443.0 1447.0
1443.0 1441.0 1441.0 1441.0 1444.0 1445.0 1606.0 1936.0 1442.0 1441.0 1443.0 1441.0 1442.0 1440.0 1444.0 1442.0
1447.0 1441.0 1441.0 1439.0 1447.0 1441.0 1606.0 1951.0 1446.0 1441.0 1441.0 1435.0 1441.0 1441.0 1441.0 1444.0
1441.0 1441.0 1443.0 1432.0 1442.0 1441.0 1600.0 1964.0 1441.0 1441.0 1441.0 1433.0 1443.0 1440.0 1441.0 1436.0
1445.0 1441.0 1440.0 1433.0 1443.0 1442.0 1592.0 1971.0 1441.0 1441.0 1441.0 1434.0 1442.0 1443.0 1441.0 1437.0
1441.0 1442.0 1441.0 1436.0 1445.0 1441.0 1590.0 1969.0 1441.0 1441.0 1441.0 1437.0 1442.0 1441.0 1441.0 1441.0
1442.0 1442.0 1441.0 1437.0 1443.0 1442.0 1575.0 1995.0 1444.0 1441.0 1441.0 1439.0 1440.0 1440.0 1441.0 1441.0
1441.0 1442.0 1441.0 1437.0 1444.0 1442.0 1579.0 2001.0 1441.0 1442.0 1441.0 1437.0 1443.0 1441.0 1443.0 1442.0
1442.0 1442.0 1439.0 1439.0 1443.0 1443.0 1568.0 1996.0 1442.0 1441.0 1443.0 1439.0 1440.0 1442.0 1440.0 1445.0
1441.0 1442.0 1443.0 1438.0 1443.0 1445.0 1573.0 1979.0 1442.0 1442.0 1442.0 1439.0 1439.0 1441.0 1441.0 1444.0
1443.0 1443.0 1442.0 1440.0 1443.0 1443.0 1573.0 1912.0 1442.0 1441.0 1441.0 1441.0 1443.0 1441.0 1442.0 1445.0
1442.0 1441.0 1441.0 1441.0 1443.0 1441.0 1581.0 1823.0 1442.0 1443.0 1441.0 1441.0 1443.0 1441.0 1442.0 1445.0
1441.0 1441.0 1443.0 1440.0 1442.0 1441.0 1578.0 1795.0 1444.0 1441.0 1441.0 1441.0 1441.0 1442.0 1442.0 1447.0
1441.0 1441.0 1442.0 1437.0 1445.0 1442.0 1586.0 1679.0 1442.0 1442.0 1439.0 1441.0 1444.0 1444.0 1443.0 1445.0
1440.0 1443.0 1443.0 1440.0 1442.0 1443.0 1582.0 1666.0 1443.0 1441.0 1440.0 1441.0 1441.0 1442.0 1441.0 1442.0
1441.0 1441.0 1441.0 1442.0 1443.0 1441.0 1581.0 1622.0 1442.0 1441.0 1441.0 1444.0 1443.0 1443.0 1441.0 1444.0
1441.0 1443.0 1441.0 1441.0 1447.0 1441.0 1566.0 1619.0 1443.0 1441.0 1441.0 1444.0 1441.0 1443.0 1442.0 1447.0
1443.0 1440.0 1439.0 1443.0 1442.0 1441.0 1554.0 1512.0 1442.0 1441.0 1441.0 1445.0 1441.0 1441.0 1441.0 1447.0
1443.0 1441.0 1439.0 1441.0 1441.0 1443.0 1532.0 1540.0 1441.0 1441.0 1439.0 1442.0 1442.0 1440.0 1442.0 1442.0
1441.0 1440.0 1441.0 1438.0 1441.0 1439.0 1517.0 1536.0 1441.0 1439.0 1441.0 1439.0 1441.0 1440.0 1441.0 1444.0
1440.0 1437.0 1440.0 1436.0 1439.0 1438.0 1498.0 1652.0 1440.0 1437.0 1435.0 1434.0 1440.0 1439.0 1441.0 1443.0
1441.0 1437.0 1437.0 1425.0 1439.0 1436.0 1484.0 1688.0 1439.0 1436.0 1437.0 1436.0 1437.0 1440.0 1439.0 1440.0
1437.0 1438.0 1434.0 1430.0 1436.0 1437.0 1474.0 1956.0 1435.0 1433.0 1437.0 1436.0 1436.0 1437.0 1438.0 1441.0
1436.0 1439.0 1434.0 1433.0 1438.0 1437.0 1468.0 1958.0 1436.0 1438.0 1434.0 1437.0 1436.0 1438.0 1437.0 1441.0
1435.0 1435.0 1435.0 1434.0 1437.0 1433.0 1482.0 1958.0 1438.0 1437.0 1437.0 1436.0 1435.0 1436.0 1440.0 1435.0
1437.0 1436.0 1437.0 1443.0 1437.0 1437.0 1491.0 1968.0 1441.0 1439.0 1437.0 1441.0 1436.0 1437.0 1438.0 1445.0
1441.0 1441.0 1440.0 1440.0 1439.0 1440.0 1527.0 1959.0 1442.0 1440.0 1439.0 1444.0 1440.0 1438.0 1440.0 1442.0
1441.0 1440.0 1441.0 1441.0 1443.0 1441.0 1543.0 1971.0 1442.0 1439.0 1441.0 1445.0 1440.0 1443.0 1441.0 1450.0
1439.0 1442.0 1441.0 1444.0 1446.0 1449.0 1589.0 1969.0 1448.0 1445.0 1442.0 1446.0 1441.0 1441.0 1443.0 1444.0
1439.0 1447.0 1443.0 1442.0 1443.0 1441.0 1585.0 2027.0 1443.0 1440.0 1441.0 1438.0 1444.0 1441.0 1442.0 1441.0
1443.0 1442.0 1441.0 1448.0 1441.0 1444.0 1592.0 1897.0 1440.0 1441.0 1440.0 1443.0 1438.0 1443.0 1445.0 1464.0
1445.0 1442.0 1442.0 1443.0 1444.0 1442.0 1572.0 1875.0 1440.0 1442.0 1439.0 1441.0 1441.0 1444.0 1445.0 1450.0
1441.0 1444.0 1441.0 1433.0 1443.0 1441.0 1572.0 1902.0 1440.0 1441.0 1438.0 1430.0 1441.0 1441.0 1441.0 1435.0
1445.0 1444.0 1440.0 1430.0 1444.0 1441.0 1564.0 1891.0 1438.0 1439.0 1441.0 1426.0 1440.0 1441.0 1443.0 1432.0
1443.0 1441.0 1440.0 1428.0 1441.0 1440.0 1543.0 1908.0 1438.0 1437.0 1439.0 1428.0 1441.0 1438.0 1441.0 1432.0
1444.0 1440.0 1440.0 1433.0 1439.0 1440.0 1524.0 1905.0 1436.0 1436.0 1439.0 1436.0 1440.0 1439.0 1441.0 1441.0
1440.0 1437.0 1435.0 1440.0 1436.0 1438.0 1492.0 1905.0 1436.0 1437.0 1440.0 1441.0 1439.0 1438.0 1439.0 1449.0
1441.0 1439.0 1437.0 1446.0 1439.0 1436.0 1478.0 1875.0 1434.0 1435.0 1437.0 1443.0 1438.0 1441.0 1439.0 1448.0
1439.0 1440.0 1437.0 1445.0 1439.0 1436.0 1441.0 1829.0 1434.0 1435.0 1437.0 1444.0 1437.0 1440.0 1439.0 1449.0
1441.0 1437.0 1437.0 1455.0 1438.0 1436.0 1431.0 1774.0 1432.0 1438.0 1438.0 1453.0 1438.0 1439.0 1441.0 1458.0
1439.0 1437.0 1440.0 1453.0 1440.0 1433.0 1401.0 1644.0 1430.0 1435.0 1436.0 1450.0 1439.0 1441.0 1439.0 1447.0
1439.0 1437.0 1437.0 1454.0 1434.0 1434.0 1391.0 1494.0 1432.0 1438.0 1438.0 1455.0 1439.0 1441.0 1437.0 1456.0
1438.0 1437.0 1439.0 1455.0 1435.0 1436.0 1376.0 1454.0 1432.0 1437.0 1438.0 1449.0 1438.0 1439.0 1439.0 1449.0
1438.0 1434.0 1438.0 1447.0 1438.0 1432.0 1371.0 1430.0 1434.0 1437.0 1439.0 1448.0 1439.0 1438.0 1437.0 1447.0
1438.0 1439.0 1439.0 1453.0 1437.0 1434.0 1369.0 1414.0 1429.0 1434.0 1436.0 1448.0 1436.0 1439.0 1438.0 1446.0
1438.0 1438.0 1440.0 1449.0 1437.0 1436.0 1368.0 1352.0 1434.0 1437.0 1439.0 1449.0 1441.0 1438.0 1442.0 1447.0
1438.0 1439.0 1441.0 1451.0 1439.0 1434.0 1369.0 1327.0 1434.0 1437.0 1441.0 1450.0 1440.0 1441.0 1440.0 1450.0
1439.0 1441.0 1441.0 1452.0 1441.0 1437.0 1370.0 1317.0 1433.0 1440.0 1441.0 1450.0 1440.0 1443.0 1440.0 1456.0
1441.0 1439.0 1441.0 1458.0 1440.0 1436.0 1365.0 1307.0 1435.0 1442.0 1441.0 1450.0 1438.0 1441.0 1441.0 1451.0
1441.0 1441.0 1441.0 1455.0 1439.0 1437.0 1363.0 1324.0 1437.0 1438.0 1440.0 1451.0 1441.0 1440.0 1441.0 1452.0
1443.0 1440.0 1441.0 1455.0 1439.0 1438.0 1361.0 1352.0 1436.0 1441.0 1443.0 1450.0 1441.0 1441.0 1443.0 1453.0
1443.0 1441.0 1439.0 1456.0 1438.0 1439.0 1358.0 1365.0 1435.0 1441.0 1443.0 1450.0 1441.0 1441.0 1444.0 1452.0
1444.0 1439.0 1443.0 1453.0 1441.0 1440.0 1352.0 1482.0 1436.0 1439.0 1440.0 1451.0 1442.0 1441.0 1444.0 1452.0
1441.0 1439.0 1444.0 1457.0 1440.0 1441.0 1351.0 1476.0 1436.0 1438.0 1441.0 1450.0 1441.0 1442.0 1442.0 1457.0
1445.0 1442.0 1444.0 1458.0 1440.0 1437.0 1355.0 1455.0 1437.0 1439.0 1443.0 1450.0 1441.0 1441.0 1443.0 1451.0
1446.0 1443.0 1441.0 1452.0 1441.0 1438.0 1364.0 1469.0 1436.0 1438.0 1442.0 1449.0 1443.0 1441.0 1442.0 1453.0
1441.0 1442.0 1441.0 1456.0 1442.0 1440.0 1390.0 1490.0 1437.0 1439.0 1439.0 1453.0 1441.0 1440.0 1441.0 1453.0
1443.0 1444.0 1440.0 1453.0 1440.0 1440.0 1412.0 1515.0 1440.0 1439.0 1441.0 1452.0 1445.0 1444.0 1447.0 1451.0
1446.0 1443.0 1442.0 1452.0 1441.0 1440.0 1469.0 1581.0 1439.0 1441.0 1441.0 1443.0 1445.0 1446.0 1447.0 1447.0
1449.0 1442.0 1444.0 1452.0 1445.0 1444.0 1485.0 1633.0 1441.0 1442.0 1443.0 1452.0 1447.0 1444.0 1444.0 1450.0
1446.0 1445.0 1444.0 1458.0 1446.0 1442.0 1539.0 1731.0 1443.0 1445.0 1447.0 1448.0 1447.0 1447.0 1448.0 1446.0
1443.0 1440.0 1441.0 1436.0 1447.0 1444.0 1557.0 1866.0 1441.0 1441.0 1444.0 1431.0 1444.0 1444.0 1445.0 1444.0
1441.0 1441.0 1442.0 1438.0 1441.0 1442.0 1542.0 1808.0 1440.0 1440.0 1441.0 1434.0 1437.0 1441.0 1439.0 1447.0
1439.0 1441.0 1442.0 1434.0 1442.0 1442.0 1559.0 1831.0 1441.0 1441.0 1440.0 1439.0 1439.0 1441.0 1442.0 1447.0
1440.0 1441.0 1441.0 1437.0 1441.0 1441.0 1588.0 1847.0 1441.0 1440.0 1441.0 1443.0 1442.0 1441.0 1442.0 1450.0
1441.0 1441.0 1439.0 1441.0 1441.0 1442.0 1600.0 1857.0 1443.0 1439.0 1438.0 1440.0 1439.0 1442.0 1441.0 1444.0
1444.0 1441.0 1440.0 1442.0 1443.0 1440.0 1609.0 1889.0 1442.0 1441.0 1441.0 1444.0 1442.0 1439.0 1441.0 1447.0
1440.0 1441.0 1440.0 1445.0 1443.0 1441.0 1612.0 1892.0 1441.0 1439.0 1438.0 1441.0 1442.0 1443.0 1443.0 1449.0
1441.0 1441.0 1441.0 1438.0 1443.0 1441.0 1621.0 1914.0 1441.0 1440.0 1438.0 1439.0 1441.0 1441.0 1441.0 1443.0
1441.0 1441.0 1441.0 1433.0 1441.0 1440.0 1618.0 1928.0 1439.0 1440.0 1438.0 1435.0 1441.0 1442.0 1439.0 1435.0
1441.0 1445.0 1438.0 1426.0 1441.0 1442.0 1610.0 1958.0 1439.0 1438.0 1440.0 1424.0 1439.0 1440.0 1439.0 1430.0
1438.0 1442.0 1439.0 1424.0 1441.0 1441.0 1608.0 1969.0 1441.0 1440.0 1439.0 1423.0 1441.0 1441.0 1441.0 1428.0
1439.0 1439.0 1439.0 1423.0 1442.0 1439.0 1611.0 1974.0 1440.0 1437.0 1440.0 1423.0 1441.0 1441.0 1442.0 1433.0
1442.0 1441.0 1441.0 1424.0 1441.0 1441.0 1610.0 1988.0 1439.0 1440.0 1440.0 1424.0 1439.0 1440.0 1441.0 1436.0
1441.0 1444.0 1441.0 1424.0 1440.0 1441.0 1612.0 1988.0 1441.0 1438.0 1439.0 1427.0 1440.0 1441.0 1441.0 1435.0
1442.0 1442.0 1441.0 1426.0 1441.0 1442.0 1617.0 1986.0 1441.0 1441.0 1437.0 1425.0 1439.0 1440.0 1440.0 1432.0
1441.0 1441.0 1440.0 1426.0 1441.0 1442.0 1619.0 1993.0 1441.0 1441.0 1436.0 1424.0 1441.0 1441.0 1440.0 1432.0
1441.0 1441.0 1439.0 1426.0 1442.0 1442.0 1626.0 1740.0 1439.0 1441.0 1439.0 1425.0 1441.0 1441.0 1441.0 1431.0
1443.0 1440.0 1439.0 1424.0 1441.0 1441.0 1621.0 1662.0 1440.0 1439.0 1439.0 1425.0 1437.0 1441.0 1441.0 1436.0
1442.0 1441.0 1438.0 1425.0 1441.0 1441.0 1622.0 1568.0 1441.0 1440.0 1437.0 1425.0 1440.0 1441.0 1445.0 1433.0
1441.0 1441.0 1434.0 1423.0 1442.0 1441.0 1615.0 1500.0 1439.0 1439.0 1439.0 1424.0 1437.0 1440.0 1442.0 1432.0
1439.0 1439.0 1438.0 1426.0 1441.0 1440.0 1604.0 1449.0 1440.0 1438.0 1438.0 1427.0 1438.0 1442.0 1442.0 1436.0
1439.0 1441.0 1439.0 1426.0 1439.0 1439.0 1590.0 1431.0 1438.0 1438.0 1435.0 1425.0 1438.0 1440.0 1439.0 1434.0
1439.0 1440.0 1439.0 1423.0 1440.0 1438.0 1553.0 1395.0 1438.0 1438.0 1435.0 1424.0 1438.0 1441.0 1437.0 1436.0
1437.0 1440.0 1441.0 1418.0 1438.0 1439.0 1516.0 1373.0 1435.0 1435.0 1436.0 1416.0 1436.0 1438.0 1440.0 1427.0
1441.0 1437.0 1437.0 1415.0 1435.0 1438.0 1491.0 1344.0 1440.0 1434.0 1436.0 1417.0 1435.0 1437.0 1438.0 1432.0
1438.0 1433.0 1433.0 1411.0 1433.0 1435.0 1457.0 1441.0 1434.0 1434.0 1432.0 1420.0 1436.0 1437.0 1439.0 1427.0
1436.0 1435.0 1432.0 1415.0 1432.0 1437.0 1442.0 1586.0 1436.0 1434.0 1432.0 1415.0 1435.0 1436.0 1435.0 1433.0
1438.0 1435.0 1435.0 1416.0 1433.0 1435.0 1430.0 1795.0 1437.0 1433.0 1434.0 1424.0 1438.0 1435.0 1434.0 1430.0
1437.0 1436.0 1435.0 1421.0 1432.0 1437.0 1435.0 1954.0 1438.0 1434.0 1434.0 1426.0 1434.0 1436.0 1438.0 1431.0
1441.0 1441.0 1440.0 1427.0 1437.0 1440.0 1456.0 1945.0 1439.0 1441.0 1438.0 1425.0 1438.0 1439.0 1439.0 1435.0
1441.0 1441.0 1439.0 1422.0 1438.0 1437.0 1468.0 1958.0 1441.0 1437.0 1437.0 1426.0 1437.0 1437.0 1441.0 1434.0
1441.0 1441.0 1441.0 1434.0 1441.0 1442.0 1526.0 1961.0 1445.0 1441.0 1441.0 1431.0 1440.0 1441.0 1441.0 1439.0
1441.0 1441.0 1438.0 1429.0 1440.0 1441.0 1542.0 2036.0 1442.0 1440.0 1440.0 1443.0 1437.0 1440.0 1442.0 1457.0
1441.0 1441.0 1441.0 1451.0 1440.0 1442.0 1567.0 1875.0 1441.0 1442.0 1441.0 1447.0 1441.0 1443.0 1441.0 1454.0
1447.0 1443.0 1444.0 1449.0 1444.0 1444.0 1568.0 1872.0 1445.0 1444.0 1442.0 1446.0 1445.0 1445.0 1446.0 1453.0
1445.0 1444.0 1442.0 1451.0 1446.0 1446.0 1584.0 1895.0 1443.0 1442.0 1441.0 1451.0 1442.0 1446.0 1444.0 1458.0
1447.0 1442.0 1444.0 1449.0 1444.0 1443.0 1589.0 1897.0 1437.0 1443.0 1442.0 1445.0 1441.0 1445.0 1445.0 1453.0
1443.0 1442.0 1443.0 1439.0 1441.0 1442.0 1582.0 1903.0 1441.0 1441.0 1440.0 1440.0 1441.0 1442.0 1447.0 1445.0
1443.0 1443.0 1442.0 1429.0 1441.0 1441.0 1575.0 1908.0 1441.0 1442.0 1441.0 1432.0 1443.0 1445.0 1442.0 1433.0
1441.0 1441.0 1440.0 1422.0 1439.0 1440.0 1557.0 1912.0 1435.0 1438.0 1440.0 1425.0 1439.0 1441.0 1442.0 1437.0
1441.0 1439.0 1438.0 1431.0 1441.0 1442.0 1547.0 1911.0 1438.0 1440.0 1436.0 1438.0 1441.0 1443.0 1443.0 1442.0
1441.0 1441.0 1441.0 1441.0 1441.0 1439.0 1522.0 1909.0 1441.0 1437.0 1437.0 1441.0 1438.0 1441.0 1437.0 1449.0
1440.0 1441.0 1440.0 1441.0 1440.0 1439.0 1500.0 1919.0 1439.0 1439.0 1439.0 1444.0 1439.0 1440.0 1441.0 1452.0
1441.0 1438.0 1439.0 1448.0 1436.0 1435.0 1481.0 1917.0 1433.0 1438.0 1440.0 1446.0 1440.0 1442.0 1441.0 1450.0
1441.0 1438.0 1438.0 1444.0 1437.0 1436.0 1476.0 1902.0 1435.0 1433.0 1436.0 1446.0 1441.0 1440.0 1441.0 1455.0
1438.0 1443.0 1439.0 1452.0 1436.0 1434.0 1461.0 1880.0 1432.0 1438.0 1438.0 1452.0 1437.0 1438.0 1441.0 1461.0
1439.0 1436.0 1440.0 1450.0 1436.0 1433.0 1458.0 1744.0 1434.0 1433.0 1435.0 1449.0 1439.0 1438.0 1437.0 1451.0
1436.0 1438.0 1435.0 1452.0 1438.0 1437.0 1454.0 1695.0 1433.0 1439.0 1435.0 1454.0 1439.0 1442.0 1440.0 1456.0
1443.0 1438.0 1439.0 1452.0 1436.0 1439.0 1457.0 1610.0 1431.0 1438.0 1436.0 1451.0 1441.0 1441.0 1436.0 1457.0
1441.0 1441.0 1439.0 1455.0 1441.0 1438.0 1460.0 1568.0 1434.0 1437.0 1437.0 1455.0 1441.0 1440.0 1438.0 1460.0
1441.0 1441.0 1441.0 1455.0 1441.0 1437.0 1462.0 1562.0 1436.0 1441.0 1437.0 1456.0 1442.0 1441.0 1439.0 1460.0
1441.0 1442.0 1442.0 1459.0 1440.0 1438.0 1459.0 1554.0 1437.0 1439.0 1441.0 1457.0 1441.0 1443.0 1440.0 1463.0
1444.0 1443.0 1441.0 1458.0 1445.0 1440.0 1460.0 1546.0 1435.0 1441.0 1441.0 1457.0 1441.0 1443.0 1446.0 1460.0
1443.0 1441.0 1442.0 1459.0 1441.0 1439.0 1458.0 1523.0 1437.0 1439.0 1440.0 1458.0 1441.0 1441.0 1442.0 1461.0
1441.0 1440.0 1440.0 1459.0 1440.0 1439.0 1455.0 1483.0 1436.0 1438.0 1438.0 1457.0 1441.0 1442.0 1444.0 1464.0
1442.0 1438.0 1442.0 1459.0 1442.0 1438.0 1450.0 1527.0 1438.0 1437.0 1440.0 1458.0 1442.0 1442.0 1441.0 1463.0
1442.0 1442.0 1443.0 1461.0 1440.0 1441.0 1443.0 1595.0 1440.0 1439.0 1441.0 1455.0 1440.0 1442.0 1441.0 1464.0
1442.0 1442.0 1440.0 1460.0 1441.0 1438.0 1436.0 1661.0 1439.0 1441.0 1442.0 1459.0 1441.0 1443.0 1443.0 1463.0
1440.0 1441.0 1439.0 1459.0 1442.0 1441.0 1431.0 1718.0 1436.0 1441.0 1441.0 1456.0 1441.0 1442.0 1442.0 1463.0
1443.0 1441.0 1440.0 1455.0 1441.0 1438.0 1436.0 1716.0 1438.0 1438.0 1441.0 1452.0 1441.0 1443.0 1441.0 1459.0
1442.0 1441.0 1443.0 1456.0 1441.0 1440.0 1441.0 1678.0 1440.0 1440.0 1443.0 1456.0 1443.0 1444.0 1444.0 1462.0
1446.0 1442.0 1444.0 1455.0 1441.0 1443.0 1470.0 1699.0 1441.0 1444.0 1442.0 1457.0 1446.0 1442.0 1443.0 1459.0
1442.0 1443.0 1443.0 1456.0 1442.0 1441.0 1489.0 1725.0 1442.0 1443.0 1445.0 1457.0 1442.0 1444.0 1444.0 1463.0
1449.0 1445.0 1445.0 1465.0 1447.0 1447.0 1536.0 1808.0 1445.0 1446.0 1450.0 1463.0 1445.0 1445.0 1450.0 1462.0
1445.0 1442.0 1445.0 1449.0 1447.0 1444.0 1559.0 1941.0 1443.0 1446.0 1441.0 1445.0 1444.0 1442.0 1446.0 1446.0
1443.0 1439.0 1441.0 1431.0 1439.0 1441.0 1454.0 1652.0 1441.0 1442.0 1441.0 1435.0 1438.0 1443.0 1441.0 1436.0
1446.0 1440.0 1441.0 1428.0 1439.0 1443.0 1478.0 1684.0 1442.0 1441.0 1441.0 1430.0 1438.0 1440.0 1445.0 1436.0
1445.0 1442.0 1444.0 1435.0 1441.0 1446.0 1522.0 1679.0 1447.0 1443.0 1441.0 1441.0 1439.0 1443.0 1441.0 1442.0
1443.0 1444.0 1445.0 1440.0 1441.0 1444.0 1543.0 1707.0 1445.0 1443.0 1441.0 1441.0 1443.0 1443.0 1441.0 1448.0
1444.0 1445.0 1443.0 1443.0 1446.0 1445.0 1577.0 1747.0 1443.0 1446.0 1441.0 1446.0 1443.0 1442.0 1445.0 1457.0
1443.0 1444.0 1442.0 1449.0 1444.0 1445.0 1585.0 1762.0 1445.0 1445.0 1441.0 1451.0 1443.0 1442.0 1443.0 1455.0
1449.0 1445.0 1445.0 1447.0 1444.0 1447.0 1604.0 1778.0 1445.0 1444.0 1442.0 1443.0 1443.0 1441.0 1441.0 1448.0
1443.0 1444.0 1442.0 1448.0 1448.0 1445.0 1610.0 1806.0 1446.0 1445.0 1441.0 1446.0 1442.0 1445.0 1445.0 1450.0
1447.0 1444.0 1443.0 1445.0 1447.0 1446.0 1615.0 1839.0 1447.0 1443.0 1441.0 1439.0 1444.0 1444.0 1445.0 1447.0
1445.0 1446.0 1445.0 1443.0 1445.0 1446.0 1619.0 1856.0 1444.0 1442.0 1443.0 1440.0 1443.0 1445.0 1446.0 1446.0
1447.0 1442.0 1444.0 1445.0 1446.0 1445.0 1622.0 1886.0 1444.0 1446.0 1446.0 1436.0 1443.0 1445.0 1443.0 1443.0
1449.0 1445.0 1443.0 1442.0 1446.0 1447.0 1626.0 1903.0 1447.0 1445.0 1442.0 1434.0 1442.0 1443.0 1444.0 1444.0
1445.0 1446.0 1447.0 1441.0 1448.0 1445.0 1627.0 1935.0 1446.0 1445.0 1442.0 1435.0 1442.0 1444.0 1444.0 1441.0
1444.0 1448.0 1447.0 1441.0 1446.0 1445.0 1626.0 1940.0 1447.0 1442.0 1441.0 1433.0 1445.0 1445.0 1446.0 1441.0
1448.0 1444.0 1443.0 1440.0 1446.0 1447.0 1633.0 1971.0 1445.0 1444.0 1441.0 1430.0 1442.0 1445.0 1441.0 1442.0
1445.0 1444.0 1446.0 1441.0 1447.0 1446.0 1637.0 1951.0 1446.0 1445.0 1443.0 1435.0 1447.0 1443.0 1446.0 1438.0
1446.0 1444.0 1445.0 1441.0 1449.0 1443.0 1638.0 1940.0 1445.0 1445.0 1442.0 1433.0 1447.0 1445.0 1445.0 1441.0
1448.0 1446.0 1444.0 1440.0 1447.0 1445.0 1640.0 1883.0 1443.0 1442.0 1443.0 1433.0 1445.0 1446.0 1447.0 1441.0
1447.0 1444.0 1445.0 1438.0 1449.0 1443.0 1637.0 1658.0 1443.0 1445.0 1440.0 1435.0 1441.0 1443.0 1444.0 1435.0
1442.0 1446.0 1442.0 1441.0 1442.0 1443.0 1631.0 1469.0 1442.0 1443.0 1443.0 1432.0 1443.0 1446.0 1444.0 1441.0
1444.0 1444.0 1441.0 1437.0 1444.0 1444.0 1610.0 1427.0 1442.0 1441.0 1441.0 1431.0 1441.0 1443.0 1446.0 1438.0
1444.0 1442.0 1444.0 1439.0 1442.0 1443.0 1586.0 1327.0 1442.0 1443.0 1442.0 1431.0 1443.0 1441.0 1446.0 1441.0
1442.0 1444.0 1441.0 1437.0 1443.0 1441.0 1532.0 1297.0 1443.0 1441.0 1442.0 1433.0 1441.0 1443.0 1441.0 1439.0
1441.0 1442.0 1442.0 1438.0 1441.0 1442.0 1496.0 1235.0 1442.0 1441.0 1441.0 1427.0 1439.0 1442.0 1441.0 1440.0
1442.0 1439.0 1439.0 1433.0 1440.0 1439.0 1447.0 1235.0 1438.0 1438.0 1437.0 1425.0 1439.0 1439.0 1441.0 1438.0
1441.0 1441.0 1439.0 1432.0 1437.0 1440.0 1419.0 1247.0 1439.0 1435.0 1439.0 1423.0 1441.0 1440.0 1441.0 1433.0
1439.0 1439.0 1439.0 1422.0 1436.0 1439.0 1385.0 1278.0 1440.0 1437.0 1438.0 1421.0 1440.0 1437.0 1439.0 1432.0
1441.0 1441.0 1441.0 1421.0 1433.0 1438.0 1379.0 1299.0 1440.0 1439.0 1436.0 1422.0 1440.0 1441.0 1441.0 1436.0
1444.0 1441.0 1438.0 1421.0 1438.0 1440.0 1389.0 1506.0 1439.0 1441.0 1437.0 1421.0 1441.0 1442.0 1441.0 1423.0
1441.0 1444.0 1441.0 1419.0 1434.0 1440.0 1398.0 1770.0 1440.0 1441.0 1436.0 1419.0 1442.0 1441.0 1441.0 1433.0
1444.0 1445.0 1442.0 1434.0 1440.0 1447.0 1441.0 1969.0 1445.0 1442.0 1444.0 1434.0 1446.0 1444.0 1443.0 1438.0
1441.0 1443.0 1441.0 1419.0 1437.0 1436.0 1463.0 2115.0 1441.0 1441.0 1436.0 1423.0 1437.0 1440.0 1440.0 1435.0
